300658
300660
603042
300217
000667
000573
002549
300255
000558
300655
000553
300447
002836
603269
002785
002806
002809
002875
603200
603855
300479
300656
300659
300374
603165
603580
603383
300474
300416
300407
300371
002655
002494
603577
603859
002800
603926
002140
300542
002681
603908
000702
300491
002876
300657
300165
300048
603196
002305
000638
000912
600853
000599
002392
600496
600896
603778
603638
002771
300362
002389
002104
600178
300572
300496
002105
002369
300055
000011
000965
300225
603322
300484
002860
300021
600477
600135
002336
300642
300618
002762
600892
300226
300401
600552
600812
300049
002567
002431
603586
300162
002218
002699
300053
600555
300114
603777
603628
300559
002244
603186
300458
002011
300558
300460
300567
002845
002552
603389
300082
300059
000759
002314
002798
603078
000819
601886
300339
300435
600070
002410
002054
603005
600765
600185
300475
603528
002682
300397
300001
600756
600227
000010
300595
300581
300415
600818
000922
603320
600112
002136
603615
300529
603336
002443
300481
300356
300137
603726
300307
600469
600855
300525
603179
600571
300263
300139
002741
002448
603936
000973
600335
300017
300353
603811
300541
600388
300210
300264
002658
600879
000509
300575
601231
300555
603556
002292
603126
002476
002782
603660
300584
002095
002472
002769
603768
603444
002780
300376
002135
002848
600246
601126
000886
002743
300135
600325
300273
300465
600444
002645
601966
603385
600071
002631
603345
603987
000798
002133
000600
600677
603698
601222
600419
002791
600977
002829
002799
300592
300357
000045
603822
603066
000068
000411
000090
002828
300607
002813
603703
600125
600525
000547
002735
300613
600517
300368
603177
603630
002820
000151
600604
002545
600435
300431
002661
002183
300593
300535
002841
000023
002853
300515
002823
300523
300605
002374
300619
600182
300016
000671
000851
300587
300578
300583
600188
002727
002852
300588
000892
300632
300579
300527
300565
603360
600323
600230
603388
600162
600721
002590
002826
002538
300391
000715
603858
300557
002074
300370
603803
000561
002467
603717
300046
603701
000923
300570
600970
300143
600826
603036
300569
300295
600996
601016
300590
002801
002817
600422
000589
002139
300516
000768
603033
002870
603037
600159
000659
300419
002796
300623
000901
300621
002052
603928
600596
600796
300199
300386
300194
000626
000812
300066
600543
000928
603738
600538
601519
300586
300350
002842
000597
300598
300636
601965
300597
300641
300157
300443
603663
600280
002103
300077
300494
600316
600156
300627
002555
600126
601366
300223
600770
603429
300602
000056
300620
600707
002824
002051
300138
600773
600467
603060
600744
600570
300288
603569
600067
002398
000050
300536
603881
000585
000012
603090
000537
603959
603337
600722
600155
002497
600197
603839
002633
300532
002265
603199
601163
603861
300043
002613
300085
300553
600360
600184
300359
601881
600684
600095
603416
600390
002459
000519
300508
603113
603118
300180
300044
002833
002825
300488
300513
000065
603330
000958
002808
600343
300622
000572
603035
600150
002812
600926
002851
603031
300635
002166
603028
601238
300005
600292
300596
300378
002217
600372
300317
000006
300081
002037
002724
002657
603258
300617
600936
600795
300573
603225
300072
601992
603779
300552
603656
603799
300626
000766
600792
000507
300599
601200
603311
300480
600148
600278
300580
601258
002048
002200
600797
603900
601777
002189
300276
603041
002488
300512
000338
002861
002755
600379
603696
603027
300299
600466
002163
600592
300421
600521
600983
002777
603178
600572
300471
603096
300073
002607
000678
002652
000014
300300
300233
002856
600505
603823
300645
300637
300023
000598
600697
002387
600984
300589
600997
002346
603639
603716
300304
603991
300117
601007
600371
603421
600072
300410
000017
300020
603158
300640
300363
002375
603538
600480
000786
600200
002818
600077
002441
600458
002776
601020
300355
002827
600550
300551
002786
002195
002117
002248
300600
600698
002822
000546
002371
300171
300538
603585
002773
300272
300549
002083
002763
600808
603303
300047
600119
000622
603203
300563
002749
000563
002386
600800
300080
600073
002284
603920
600619
300506
300250
600584
300453
600331
600919
002106
603139
600339
300231
603029
300377
300547
300033
300582
002345
002835
002328
300116
000875
002589
002393
603843
300501
600967
300625
000757
603039
300068
603817
603886
000633
002580
600665
300566
002624
300039
603358
600223
600020
002564
603708
300221
603868
002577
300169
300212
600455
300105
002354
300246
300399
300629
002131
002623
300550
600546
300078
002713
300468
600635
000908
300106
300603
600586
603008
603955
300101
300611
600877
300608
300489
300008
600711
600862
002373
600561
300286
300554
600290
600883
300319
300321
300388
600692
002810
300332
002079
300520
600523
002665
603878
601088
300230
300606
002751
300517
000592
600503
002368
002063
002315
000022
603665
600321
600859
603667
002722
002855
603906
002017
600768
603133
603800
300511
603081
002753
600743
300631
300178
002789
002297
603888
002857
603160
300070
000655
002067
300126
000753
002770
603050
600717
300383
600229
002002
603611
002181
300445
600761
000710
600456
000878
300585
002158
603089
600678
603887
002355
601699
002518
603069
300507
300326
300610
002211
300521
300576
300170
603578
603159
603393
600651
603929
603208
300028
603232
300639
000670
002672
600258
000968
000933
300395
603368
000691
000021
600319
300305
603727
300446
603866
300041
002663
300293
002691
600558
002126
002120
300176
300497
300236
002416
000979
300220
300505
603819
601002
600295
002157
000669
600103
300482
300328
300211
000848
300027
002093
300615
002725
300175
002739
600608
300282
603085
002228
002748
600844
600391
300487
300242
600008
000779
300037
601858
002831
000915
300330
300591
601900
600270
002196
300398
002332
002205
300024
002298
000027
000823
002840
603319
300285
300633
600822
000988
002016
300188
002274
000652
600871
300417
300254
300380
002587
600971
002388
002616
300428
300420
002147
002380
600282
002867
600052
300473
601958
000778
300422
600288
002243
600583
300436
600086
300492
600680
603298
300076
002648
002144
300206
002154
000718
002201
002235
603877
002792
002404
600187
600368
601001
002838
603986
002815
002062
300013
002033
000018
601500
002620
002009
002532
000581
002225
600396
002832
300045
001896
600418
002636
002454
603599
002247
300561
300040
603189
603998
000498
002150
600723
603729
300548
000430
603116
601369
002300
002866
603123
002651
603515
002320
000969
603990
600399
300245
002023
002719
000603
600621
300441
002001
601595
000619
600864
603218
600747
600502
002788
600378
002174
002356
001696
300107
600810
600775
300125
002249
603828
002318
300360
300026
601666
300318
300241
000760
601313
600386
000712
002425
300630
601890
600746
603067
002229
603798
600287
002234
300427
002353
000488
002236
002272
002215
300343
002481
000897
603918
002299
000525
600257
300118
300381
002550
000803
002566
603168
600961
600410
300011
600082
603898
002406
000532
600051
600083
600804
002233
603518
002728
000762
603227
603766
002627
600830
300379
002747
300287
300166
002362
600416
600495
300528
600215
603806
300279
000961
002819
603228
600426
300248
002342
601997
603023
002101
600359
300432
600563
002444
300160
000584
000019
002496
603038
300545
000680
603568
000687
000859
002850
000409
002411
002125
000550
002381
300133
600348
002805
002533
603903
600078
600209
601000
002261
000937
600897
300616
603339
300609
600108
002065
600074
600320
000828
000545
000905
601518
600986
002760
002227
600380
300177
600909
000797
600516
002849
601117
000541
600603
002330
002862
300239
002203
600647
600354
002030
002036
002421
601003
300034
600740
000788
601218
000810
600446
600275
002270
300099
300369
002732
300539
300327
300050
300310
002483
000731
603658
300396
300261
000059
300329
600694
002428
000972
002390
600706
600149
600203
603985
002123
600845
002199
603520
000719
600501
002573
600311
300042
300311
000707
000780
600240
603789
603101
002535
000040
600508
000938
300131
300219
600133
300540
002433
000975
000552
603223
600400
300215
600377
603797
603579
000959
600839
000960
002073
002734
002251
601579
600488
601038
300449
600776
600728
603567
600327
002527
603355
600506
300262
002868
300094
002179
002246
300650
600251
300129
603007
603315
000088
300167
300052
600330
002653
002097
603668
600801
600063
002323
000530
002478
603266
603058
002423
300314
600875
600190
002042
000531
603838
300387
002579
002238
002116
600180
300147
000737
300470
603517
300084
600169
002344
600118
000605
300514
603677
600058
300456
600423
002517
000514
002551
603309
600337
603456
002219
600843
002660
600846
300303
000631
600617
600363
002462
000420
600981
300394
600192
300244
002303
300455
300067
600370
603306
600116
000031
300306
300214
600385
002790
600835
300102
600017
603100
300253
600513
300174
600345
000792
300251
600789
002276
002807
300184
300153
002053
300144
300638
002253
300193
002208
002733
002031
000777
300010
600560
000517
002737
600980
300007
002289
002350
600463
603088
603999
300601
000738
002363
000948
002843
002752
000949
600088
600308
002317
600626
000703
600783
000802
600285
000637
600361
600613
002099
600589
000008
300187
000835
002018
300628
300402
601100
002821
603318
300071
002474
600064
300121
002187
601118
300556
600868
600577
000066
002400
601908
002711
600781
600160
600039
601888
603001
601212
600611
002329
000559
002439
600213
300351
601208
002440
600569
000789
000419
002774
601877
002583
000830
002604
002177
000058
300103
002056
002487
002601
600326
600167
002078
002295
002721
300530
002523
601225
600939
002430
002680
300122
000917
002510
000156
600302
000936
002401
600526
300283
300172
603131
601368
600787
000628
002706
600841
601789
600408
300154
603728
002161
002190
300439
000627
603788
002667
000705
601015
000060
002546
600978
000939
300179
600716
000881
002397
300457
002237
300533
002659
600328
600218
600409
300079
603012
603633
600507
002432
600751
002529
300035
002482
000888
002803
002679
600356
300403
002463
000709
600836
002630
002035
300392
600616
300483
000650
000931
300234
002127
600718
000601
002863
000400
300562
300485
002629
600011
600726
600353
600593
603002
000039
603180
600231
002716
002626
600990
300349
601616
300064
002772
600713
002407
000785
600594
600699
600872
601339
002351
000860
603188
002477
002226
600057
002029
002730
600876
300451
000951
000681
600053
300270
002182
600362
300204
300111
002750
300493
002273
002556
603901
002689
000880
603308
600730
600500
601952
600033
002176
600848
603040
600249
300075
601188
002313
601179
600880
601898
300385
002674
600685
601107
600614
000421
601798
000516
603939
603609
000837
600664
002081
300442
600138
000548
300438
300191
600216
601375
600649
000429
600461
603588
000811
603600
002184
002461
600476
300004
002470
300213
600026
002520
600236
300405
600340
002204
300228
600811
000701
300450
603166
300150
600076
000978
002560
002024
002361
002598
600509
600805
600131
002096
002740
300452
600823
300132
601677
603098
603669
000520
603300
300112
000672
600313
600866
600098
002046
002414
002337
600720
600284
000665
600038
002258
600027
002288
002118
601010
601996
600821
002561
000910
000829
603222
600529
600080
002553
300341
600232
300036
000733
300418
600183
002548
000523
300571
600141
002632
600917
000868
000902
300181
002224
000708
600736
002267
600220
601229
600101
300012
300354
600798
300425
002027
601929
600850
002100
300090
603167
600790
600777
002114
300216
300375
000989
300297
601882
002230
600828
603508
000609
300054
002310
000683
600742
601866
600748
603019
300018
300127
002565
300476
300652
600225
002608
603026
600757
000952
600096
300337
002847
002745
600123
603826
600979
600819
600186
600163
300141
000630
600998
002690
603099
000504
600622
000159
002469
600681
600833
600307
300389
300056
002644
600355
300159
000801
002322
300390
300346
600121
600735
000727
000536
600763
000016
002383
600129
002382
000422
600562
002269
600824
600166
600662
603889
002334
000695
600198
000666
600420
603958
600201
002266
600114
000401
002394
300503
000037
000970
600633
300195
600598
600869
600395
600758
002152
300200
002614
002061
000426
002641
601918
000967
000521
002568
300437
000685
603399
600428
600179
000402
002405
000413
000063
600059
600807
600470
603000
000417
300229
000825
600060
002293
300334
002102
600272
600640
603017
601106
600255
603606
000850
002516
600960
600644
300202
603009
600965
600084
300302
000898
000635
000962
000783
000009
002673
600753
002574
000539
600537
000903
300648
002452
600438
002591
600530
600171
603966
002121
000899
600271
300232
601011
000662
002643
002588
300308
600037
600210
002275
600782
300218
002395
002612
603011
600329
002581
000524
600168
002240
000732
002137
603883
002088
002119
300430
000570
601311
000616
300344
603338
600884
600995
002541
300062
601226
600478
002562
603377
300096
603833
002167
002066
603032
002637
601969
600081
002191
600618
300240
600573
000833
600576
000070
000688
002778
002192
600708
002384
000806
000869
000966
600528
000795
000761
603313
000816
002165
000625
600982
600724
002064
600491
600557
002308
600117
002419
601515
002220
300203
002731
600054
000593
000428
600367
002172
000608
002451
002846
600527
600695
000567
000882
002277
600658
002340
300097
600350
002171
600106
600551
002197
600605
600381
600269
600019
002155
002214
600894
600597
000692
300113
000725
601168
600691
600602
002718
000528
600202
300185
002695
000623
600252
300190
000750
600668
600336
002611
002044
000721
002092
002376
002041
600794
600035
002531
600127
000822
002639
002347
603198
600755
300110
600497
601880
600861
002698
600283
600481
601968
600068
601811
002687
600771
300256
000900
603020
002597
600151
002705
601233
002391
000157
600235
600303
000957
300222
600863
300257
600533
300019
603369
002692
300333
000735
600714
600449
300266
600778
601588
600312
002584
000698
601158
600689
002309
002112
300158
600261
300358
603239
002436
002429
300499
002015
002678
000987
002765
002223
002514
300161
002572
300519
000796
600300
000686
600679
002466
000501
601128
000049
600865
002007
000756
002775
300205
002333
002449
002159
000980
002268
600645
600333
600482
002475
000676
000920
300277
002593
600317
000930
600988
600421
300164
600301
002575
601933
600322
600675
603818
600365
002811
002378
000005
000767
000425
002216
603022
603699
603618
600793
600829
600433
600531
600601
002206
600262
002498
600599
600565
600143
600750
000863
300189
000543
601566
000971
002493
600510
600547
600620
002528
002145
002446
002285
600975
600397
002210
000636
600237
300069
002539
002209
002492
601700
000632
002186
002709
002412
002408
000926
600606
002034
002554
601818
002717
600128
600766
600281
002491
002178
600784
000062
002008
000560
600815
300434
601678
601636
002110
603979
000540
300074
002578
600889
002283
601098
600279
000061
600650
600132
002069
300393
603616
002437
002484
600595
000751
600774
002239
000089
002250
000055
002500
300404
002471
000918
002526
002019
000026
600351
600004
600629
601799
300238
603977
002193
000883
600489
603690
002014
000990
601991
600208
300412
000042
300086
600908
603138
002783
600022
600130
600094
002058
300352
002338
002559
002435
002457
603960
603919
600628
300224
600719
002595
002515
600369
600206
600006
002508
600309
601808
002207
601999
002241
600090
000839
600638
600268
002349
002537
600299
603030
002460
300342
600352
603015
000723
601928
002701
000729
300400
000606
002603
600579
600682
002160
300182
600630
000852
000035
002503
600741
600567
000403
002319
600856
600157
601137
300136
600170
002020
000861
002858
000096
002458
002512
002271
000739
603117
002501
600153
300289
601611
300058
600105
002107
000813
600895
603969
002703
300464
600582
600575
002060
000993
000576
002111
600548
002490
600578
600648
000639
601689
601155
002495
002594
002570
002670
000565
600958
002198
000679
600512
300495
002521
000028
600992
603688
000998
000590
002757
601198
600780
300316
600702
002325
300509
600234
002055
002403
002524
300247
600439
600867
000697
000518
002365
601008
600676
603328
000983
600891
002617
603737
600499
000416
300604
300083
603323
002124
002480
002708
000791
002341
600587
601006
300130
601127
000036
000790
000551
000407
600493
000544
002413
000533
002153
300243
002700
600715
600122
600075
600293
600969
600172
002592
002302
002010
600030
300324
002242
000513
300338
600137
002468
600976
300115
002746
603018
600764
000025
002335
603086
603997
603909
603718
603686
603608
603603
603601
603598
603559
603558
603299
603238
603108
603077
603016
603010
601989
601919
601872
601717
601608
601558
601377
601099
601069
600966
600898
600890
600888
600860
600834
600825
600745
600738
600734
600733
600725
600683
600673
600671
600667
600666
600657
600655
600653
600652
600643
600636
600634
600623
600610
600609
600590
600568
600559
600556
600490
600485
600468
600462
600460
600429
600406
600405
600387
600375
600318
600289
600277
600267
600222
600219
600212
600193
600165
600158
600146
600145
600136
600100
600093
600089
600050
600015
300651
300612
300543
300522
300518
300510
300500
300490
300486
300478
300477
300472
300469
300467
300466
300462
300461
300459
300444
300440
300423
300414
300413
300411
300409
300373
300367
300366
300365
300364
300348
300345
300325
300322
300320
300315
300313
300312
300301
300298
300291
300278
300274
300268
300267
300265
300260
300252
300209
300201
300198
300197
300192
300173
300168
300163
300156
300152
300151
300149
300148
300134
300109
300108
300104
300100
300092
300091
300089
300088
300087
300065
300063
300057
300051
300030
300025
300022
002880
002816
002787
002781
002768
002766
002761
002742
002729
002696
002694
002693
002684
002675
002669
002666
002664
002656
002654
002650
002646
002642
002638
002635
002625
002622
002621
002619
002610
002606
002600
002599
002596
002586
002576
002571
002569
002547
002513
002505
002504
002502
002499
002486
002485
002473
002464
002456
002453
002447
002442
002434
002427
002426
002418
002417
002409
002399
002396
002370
002358
002348
002339
002331
002324
002312
002290
002280
002278
002264
002263
002262
002260
002255
002252
002185
002180
002175
002168
002164
002162
002151
002143
002141
002134
002129
002128
002122
002115
002113
002098
002090
002086
002082
002076
002075
002072
002070
002057
002049
002045
002038
002025
002013
002012
002006
002005
002003
000985
000982
000981
000977
000953
000935
000916
000909
000895
000893
000890
000889
000887
000885
000876
000862
000838
000836
000821
000820
000818
000755
000726
000720
000716
000700
000693
000682
000673
000656
000620
000613
000611
000610
000607
000587
000571
000557
000526
000511
000506
000503
000502
000301
000153
000100
000099
000048
000046
000038
000034
000032
000030
000029
000020
000007
000004
002558
002602
002188
300331
600233
002723
002726
002022
000586
300280
002609
600241
600177
600987
000663
603589
600376
600109
002536
600483
603555
600238
002668
601567
600727
002059
600820
002071
002282
002377
600831
601901
000996
600273
002026
000782
002424
600539
601718
603128
300002
000906
002543
600581
600886
000713
600346
000913
300014
600266
603816
300336
600885
002281
600985
000408
300032
001979
000929
300003
600310
000758
601599
002032
300142
600642
600110
600097
601018
600739
300406
000690
000166
300207
600055
601398
002465
000995
002202
300426
600459
600847
600893
601668
600382
000800
600882
000001
002091
002149
002132
600069
002702
601333
600000
002040
002245
002094
600012
601139
000776
601028
000722
000728
300120
600250
603899
600858
600016
002688
002714
000809
601985
002420
000932
000752
600009
600199
002715
600532
600522
300009
600854
600704
601555
000150
601288
600475
601388
000877
002557
000831
000333
600624
601899
002736
600048
600221
002585
600674
000415
002343
002415
002156
600061
600900
600639
601012
002628
600023
000955
600535
002232
002563
600769
600959
600803
603398
603006
000815
600785
601766
000793
601788
601618
600176
300098
601186
600754
600615
603988
000927
000677
603678
300146
002662
002534
600519
600712
000925
300275
002759
002050
600760
002364
600010
300323
601600
002360
600545
600687
601328
002506
600660
002830
600759
002758
600851
002173
002004
000596
600518
002615
600448
600211
002080
600837
601988
600487
600600
600306
300531
600085
600816
600588
000534
600690
002530
000997
002402
002321
600686
600031
603996
600479
603885
002767
300123
000538
000976
600373
600297
601216
002582
002254
600091
601669
300140
600729
600585
601633
600641
600874
600265
000002
601390
600226
002213
300258
600737
002326
000736
002170
002039
600175
600256
600452
600066
002306
600007
601688
603993
600111
600217
600838
600663
600383
600104
300433
300382
603333
300061
000858
603288
002707
300568
600191
600120
603968
300196
002169
002385
601228
002327
300271
600436
600536
601199
002222
600403
002676
002304
002685
600196
601166
002194
000529
300292
600515
600749
601939
600189
002146
600062
002021
600973
601177
002422
603808
002357
002047
601169
000078
002649
300031
600580
000418
601857
000069
000595
002287
000158
603869
601727
300119
000919
300029
002087
002605
002084
002438
000717
300498
300249
000963
600661
000807
600703
600028
002544
002028
002301
000568
002509
002540
600415
002372
300384
300006
000043
600993
002712
600779
300237
002686
600887
002085
002367
600873
002542
002352
300281
601998
600115
600566
600731
600511
600332
600962
600276
601009
000999
600809
600298
600305
002647
600498
600398
000921
600021
000651
600139
002859
300155
002130
603366
600401
300534
600802
300095
603989
600260
601801
601800
000612
600338
600999
600315
600393
600029
603626
002316
000617
000564
601058
000856
300424
002640
600857
600161
000591
002797
600425
002311
002089
603896
601111
002795
000826
002142
601211
002286
600612
300546
002489
300560
600486
002231
000657
600817
002677
002519
300038
002634
002279
002839
300429
600107
002366
002108
300340
002738
002379
601021
603501
600963
600540
600248
600036
600688
603637
002450
300124
603111
002697
601628
000615
600520
601113
002259
600173
601607
600549
000661
603197
600881
000582
600018
601318
300643
600358
601601
300259
603566
603787
600392
600195
002522
300502
002802
000423
002138
600366
300269
300408
002043
000554
600239
603519
000410
002756
300183
000668
000566
600389
600056
300294
300296
601101
600243
600228
300227
600637
600291
600259
600693
000799
600099
600870
603021
600242
300335
300145
002256
002511
600827
002871
000911
002359
002507
600814
002221
603169
600207
300284
300208
002683
002212
601116
300093
002865
002671
002068
600152
600079
600791
002109
600696
002307
002793
600247
603025
300290
000404
002294
300463
002077
600767
002296
300347
300448
300015
002479
601336
300653
002618
002869
300128
600654
601005
000711
002872
000555
002148
603636
300537
300577
002837
603758
600701
600705
002873
000505
002779
603505
603003
000510
002445
002455
603488
300649
603268
603689
002291
300647
600113
603229
300309
300526
300235
603980
603879
603767
603679
603536
603496
603380
603335
603326
603316
603286
603226
601878
600806
600732
600710
600432
300666
300665
300663
300662
300661
300372
002881
002879
002878
002877
000950
000629
000155
